2	105995880	106004779
11	69261150	69264549
4	187760050	187762849
18	74777530	74781799
17	41951630	41956679
10	93642950	93645049
5	76085030	76088849
2	1654950	1661929
1	203370430	203379079
9	110510650	110515049
17	79778930	79782799
2	55338050	55341179
3	194797900	194806399
11	2121830	2125679
4	7841700	7846849
5	149066280	149074249
5	147846830	147855179
5	52774380	52779599
17	16188130	16191949
7	137665030	137670129
17	2930750	2937799
22	27830480	27832579
4	53733880	53738499
18	74810000	74816499
9	113341100	113343129
15	71125850	71129349
9	132889350	132893499
6	20180950	20184749
20	10488330	10490949
11	64657150	64663099
19	45949500	45955799
11	121541230	121543279
17	73585450	73588399
8	98955050	98958279
9	140208350	140212529
4	148401030	148405129
3	14244380	14247749
7	137616700	137619479
13	53171800	53175749
1	236133780	236136979
11	114178000	114181049
10	11567080	11569099
21	46364500	46383849
1	52105750	52111449
8	8203380	8207149
21	36256180	36261749
5	755800	761729
6	25295800	25300849
3	99355480	99361399
6	36701630	36704079
6	11317330	11319429
11	121592650	121595349
2	26941880	26948899
4	114898700	114901699
6	15511050	15515999
17	9945050	9947099
10	3976250	3979699
9	140144030	140149999
7	134450630	134452829
1	87594550	87599599
5	171855600	171859349
14	50436650	50440499
10	71216650	71235679
16	89588980	89592979
18	65183480	65186129
16	83930830	83940479
17	21292630	21295199
8	125405600	125409029
5	76010400	76015449
9	139813750	139816099
2	224588980	224591299
2	38299030	38302099
6	168453650	168457429
6	164163080	164173329
22	35714230	35717199
5	1116580	1129679
10	95223130	95232129
8	38560900	38562899
1	223211500	223215349
8	25837930	25844199
14	73334550	73338899
2	38384230	38386249
1	67140630	67144229
18	60928800	60931279
6	26304600	26306729
20	55730350	55733899
16	84168650	84174149
5	138730080	138733299
10	129789080	129791249
5	171837230	171849079
8	95002550	95005279
8	22453030	22464799
2	175497100	175500379
4	12487400	12489449
10	50312080	50316249
13	31438500	31440499
12	117529630	117533099
6	130004100	130007099
13	50931000	50932999
15	71086130	71088349
15	99963730	99968799
10	88842800	88845749
15	101897550	101899729
10	694600	697729
12	117463480	117492879
21	43061030	43063899
8	125684950	125691299
17	535650	537699
1	212698130	212701299
3	197155580	197157749
10	121106500	121110329
11	69310180	69312849
6	35629730	35631829
12	19060380	19062549
11	64006730	64011049
6	27485830	27487979
7	1550150	1555199
4	185263550	185271629
12	820750	830479
16	86897700	86902199
18	74764150	74771699
5	170177630	170180749
10	29947400	29951349
17	62403900	62407599
8	41511200	41530879
10	95217100	95222549
9	112541880	112545699
11	61319400	61321479
6	43273300	43276279
13	110520530	110524349
11	67394880	67397079
6	25279050	25281649
17	73482830	73486199
1	61448380	61451799
16	73205380	73208699
12	108730630	108733129
19	4573680	4579899
1	19739850	19744399
18	46447830	46485279
19	18478300	18483199
1	95466850	95468879
18	60903730	60907249
4	8611250	8614599
16	55508150	55511249
10	64395880	64398099
1	95411480	95413529
14	105884430	105890499
15	48681850	48686229
5	156966550	156969529
17	76261450	76264499
1	117423700	117426279
5	64356900	64360079
17	48921780	48925899
1	117419830	117422999
5	81642550	81646229
1	117528830	117532099
14	61686050	61688079
20	56013850	56019079
4	186496600	186498729
1	230358900	230360999
7	137671000	137675579
19	56159080	56163729
14	52476980	52483249
1	90306930	90310849
22	19560650	19562729
1	85928750	85932249
9	135644200	135646529
8	116677100	116682699
15	99969250	99986549
13	51832950	51838499
9	139816400	139825629
3	8602450	8605599
4	77531830	77533999
2	238164030	238166779
1	218543080	218546849
6	164522450	164533699
15	71093850	71095899
11	103643930	103645949
3	64205650	64212849
5	14439350	14443279
4	184794050	184799749
14	69747900	69751799
2	106006700	106011599
10	134327830	134336029
5	170213550	170217499
11	64566650	64572699
16	31122030	31126299
13	114056350	114060799
18	13498950	13504499
4	190759500	190761679
8	70403850	70407399
14	54831300	54834429
9	140088680	140090899
13	110525180	110527899
14	85994900	85997029
5	171830050	171832049
3	172230000	172232129
12	280000	292479
4	86645650	86648899
19	46070100	46073929
22	19969350	19975099
15	68770150	68773099
2	38402050	38407279
5	172442450	172446299
16	57301780	57305199
14	105627950	105630129
19	16544050	16548379
22	44540050	44542079
5	169740630	169742999
2	21492430	21494479
4	8379400	8384099
18	20935530	20939399
10	85626880	85628949
22	24813880	24818099
3	99376400	99380379
20	58608180	58610849
16	73075550	73094829
19	2667200	2671779
5	75985180	75988899
8	38568950	38571679
6	25301900	25303999
19	15232930	15237899
3	105087030	105089199
9	133698100	133702679
1	147717500	147719579
17	76138880	76142799
7	47822450	47824549
2	223914350	223923129
15	57719230	57721649
18	55442600	55449899
5	141946900	141948999
21	18982300	18985429
3	27597830	27602099
8	144582000	144586829
1	3371530	3374849
11	69301500	69305099
15	62457530	62459779
8	1716680	1718699
7	129995100	129997229
6	43478000	43481749
11	44598230	44602279
1	62104530	62107499
8	145546230	145550849
9	95362630	95364749
9	133717450	133725049
1	117492080	117495199
1	236079350	236081749
9	124470930	124473899
3	42883150	42889499
19	49841400	49845099
13	24000300	24003149
17	79280000	79288399
9	123702950	123704949
8	144659150	144662599
9	138995900	139003579
11	2007080	2010879
14	54814580	54817699
6	136398230	136400329
1	112271800	112278179
5	674330	676379
20	10615500	10619399
15	26093750	26097029
4	4308400	4311199
4	186933700	186939029
14	51269430	51271429
15	67437400	67444549
1	87614650	87619099
5	167651980	167654399
7	107577130	107582349
12	3150230	3155799
15	78494530	78498999
1	155137550	155141279
6	41470400	41475199
7	137675900	137688499
12	6739500	6743499
2	219695200	219697229
4	186461930	186464299
9	139458600	139468699
11	44779900	44789979
1	168695080	168697729
9	139440700	139445029
1	39656450	39663179
10	30011430	30015749
2	39766680	39769749
7	30731250	30735499
22	27609030	27611999
12	131485450	131489079
22	46526530	46528549
2	106011650	106017129
6	43087580	43090349
16	89356850	89358879
18	67066750	67069899
3	30721680	30724379
11	61343900	61345999
21	36574430	36583249
9	99270280	99272429
3	12966880	12977599
5	159304130	159307279
16	17470680	17474249
1	145022380	145024379
10	29927800	29939149
5	149059650	149065749
11	34294150	34298179
14	56470780	56472829
9	95369000	95372879
3	127628230	127631279
10	134219530	134223249
15	67170650	67178099
12	117522080	117527599
12	94601050	94603079
22	20007100	20014429
9	119232480	119234649
7	137561430	137565449
9	108057830	108063229
8	94893100	94895099
4	152724650	152731049
2	23719580	23722599
1	95419030	95422449
6	132450580	132455679
5	14447630	14453599
1	236045530	236047629
13	113374650	113389649
19	8430330	8434329
9	139873150	139879049
5	77839900	77845979
1	95317750	95322179
1	68083380	68085399
16	20921200	20924279
11	123063850	123067399
8	144289550	144292349
11	64083730	64089799
6	164375580	164388379
11	34376480	34378599
4	57916650	57925049
12	117497630	117509979
6	160120930	160124029
11	76332900	76343079
18	13434350	13438629
17	36596650	36600979
19	6237600	6239899
19	457930	462449
19	14669150	14676799
3	148672880	148675429
3	40330400	40337099
7	73701450	73706329
16	66638980	66641179
6	125541500	125546599
12	58001480	58008899
5	172899450	172902129
5	90414500	90422099
15	95808780	95811329
2	102652780	102655399
22	47043950	47051899
12	111798800	111802499
10	34006750	34010979
4	7911380	7913399
13	24331350	24334829
6	76328650	76331249
16	1828450	1830549
1	12078850	12081379
6	90805730	90809579
13	33045650	33047649
5	176888900	176890899
7	102534950	102536949
16	55511550	55515729
11	65135580	65140999
8	142094950	142100049
19	2126280	2130749
17	8582780	8585849
14	92354900	92359399
16	73096450	73107049
20	60980500	60982679
1	230998100	231006049
10	4982300	4985049
8	103936200	103939679
4	153603800	153605849
17	57922150	57925229
16	85174900	85178229
19	38662230	38666779
3	64198650	64204749
10	121016430	121018499
19	4012880	4016479
1	146555500	146557499
15	40730530	40733399
6	75911500	75917579
6	27861130	27864299
7	130919200	130921379
1	32089800	32098549
14	27065800	27068999
6	108926680	108928799
11	130732700	130739179
1	205407400	205409799
5	90457250	90460149
8	99195400	99197949
11	89223200	89225999
1	150227300	150233699
6	11249880	11253579
3	172232300	172235649
16	58528100	58531499
1	230347930	230351649
2	210442980	210444999
14	105663400	105667199
3	183341850	183348999
16	1469350	1472449
10	73466580	73476399
15	101441600	101444299
10	30021930	30027449
14	61569080	61572199
22	19507780	19514699
2	128389200	128398349
19	41813200	41817729
9	139582850	139586629
4	54968530	54970579
2	9317450	9321379
20	44043350	44050849
2	16830900	16835249
14	90977950	90980579
3	46730700	46739949
20	62481550	62483599
17	42247200	42250329
5	142531550	142537049
20	24481350	24486749
2	177417900	177420049
11	12256080	12258799
22	51014300	51022929
20	10588950	10592629
12	132386330	132391199
9	140116700	140119679
6	170451750	170455199
2	55383300	55386279
6	43082900	43084949
18	74839080	74844599
2	86420630	86422849
8	145115030	145119379
8	19940100	19942899
15	57840100	57849229
8	97522600	97525799
15	57887300	57893449
16	19726930	19731429
6	116690650	116693799
7	150481300	150486599
9	139480200	139484599
14	75082080	75089299
22	28189650	28193499
11	64510600	64517099
17	48991550	49001649
10	135185580	135188849
11	112654300	112658999
14	105187480	105192299
12	117534350	117536479
3	50327080	50332249
9	137239800	137242949
22	20307150	20310579
3	192210200	192213149
4	38858700	38860799
17	42855350	42861079
10	121090250	121103699
22	27905950	27909449
3	127632530	127638149
2	192169200	192171729
2	96772580	96779299
14	105802300	105806379
11	46359280	46364779
15	71476280	71481579
1	2513830	2518479
8	98937130	98939149
13	43700930	43702949
2	33240430	33242529
11	121286980	121288979
8	30024100	30028399
8	145732030	145734849
11	45682650	45685499
17	43485880	43490729
1	86034800	86037529
10	100224550	100228149
21	44201230	44205479
7	75794500	75797649
10	3535830	3537979
8	37399880	37402679
10	105514950	105524199
10	104511250	104514129
11	27013400	27018629
19	46066680	46068849
6	159545400	159549099
3	112963300	112965349
7	73927230	73930899
11	7596150	7603029
1	218517250	218523249
9	131395950	131400349
22	18889580	18893529
13	29527550	29531749
3	13116680	13125379
8	107780580	107784049
13	80509550	80512129
11	1859750	1865449
11	64120350	64128099
2	175527730	175529779
5	14444900	14447049
6	46903080	46905699
16	84137930	84146399
1	214448850	214457949
2	106129630	106134229
7	75615600	75625479
17	4456380	4460729
1	95324480	95333129
8	38269500	38272899
1	151803080	151806949
16	58520050	58522099
3	30695100	30699249
20	10632530	10637199
10	24672030	24675349
17	49004330	49014099
5	175105900	175116349
12	93970100	93973379
6	40686700	40688829
22	50746300	50752549
8	9011450	9014329
12	58119150	58121199
7	25701900	25704079
11	64755730	64758599
10	106111880	106114349
1	20419200	20421299
8	1770700	1774149
14	58561500	58568099
17	62074250	62078049
10	95750980	95752979
10	111726250	111730879
1	85068750	85070879
8	99393480	99396429
17	42277350	42279399
2	33332300	33334379
1	26067500	26072199
1	36802950	36806279
7	30933330	30944179
2	230281000	230283079
14	25514800	25521199
22	22049800	22054099
3	194816350	194826599
20	52195200	52200749
16	86607800	86609849
14	21081380	21083499
7	106061000	106063529
2	55345500	55348829
17	48184430	48193149
22	32346280	32348699
9	117797530	117799629
13	51171350	51173449
22	42980000	42982049
16	68016350	68023029
7	1087930	1097449
16	30549450	30552249
11	64862300	64865579
3	112358550	112361749
9	137292200	137306529
2	55323180	55325599
3	49491150	49494229
1	10879130	10884499
9	140114550	140116549
14	69401530	69426999
1	224355850	224357879
5	172020700	172022829
12	94434430	94437379
7	2676450	2681629
2	71726100	71736049
17	48217250	48221349
2	238581150	238588149
10	115717350	115719479
3	50332550	50342399
14	67979550	67982249
3	14469050	14478649
10	33430900	33433529
12	122026880	122029699
4	184905150	184911799
16	84175700	84179199
8	18835250	18837329
5	133770180	133776179
12	3237950	3252529
7	134615900	134619679
1	202075280	202079479
8	126456680	126466449
17	28057880	28060329
7	73913430	73917599
8	141684430	141688429
11	19616830	19619199
7	79080450	79085449
2	238577980	238581079
3	15355130	15357999
18	55453430	55461829
3	49917750	49921229
2	19562050	19564099
17	62656680	62659999
22	29277680	29279749
11	128320380	128323799
1	34436580	34438579
6	155509300	155511329
4	7821150	7826529
19	4517900	4520749
3	48933350	48937749
17	36602800	36617799
12	109535600	109537749
19	39220950	39227199
6	164517700	164522399
12	109999580	110002629
6	154910800	154916029
1	59911580	59913999
1	10786550	10790549
5	43063630	43068879
11	842750	847999
9	112568200	112570649
2	239771700	239773799
1	165795450	165799879
3	14442430	14448579
14	61190150	61192249
15	92393230	92401849
10	104517150	104520949
12	76370650	76373279
10	99249330	99251949
1	84157500	84159879
17	76889050	76894579
7	50719200	50728629
8	144294750	144296949
3	52215380	52219899
2	38345980	38349649
9	18860900	18862949
21	30515880	30519229
4	77904680	77907779
7	73888030	73898499
1	218529050	218532149
17	4436850	4442779
7	32624150	32628099
1	230405400	230407399
15	57856950	57859049
9	97580450	97586779
10	17047480	17053229
6	27803550	27808499
16	1875050	1878249
20	39956880	39960299
9	134108300	134115529
1	33453680	33455779
11	93860300	93871049
11	118757180	118762149
4	113590400	113593999
17	19279500	19282399
1	32033050	32056249
21	44858580	44866029
1	16064180	16066199
11	34212830	34216179
8	38641650	38646629
9	133319850	133323549
1	1279200	1283179
6	26271350	26275549
21	45322030	45324649
14	69233130	69236579
16	56994150	56997349
8	125461880	125464499
10	14115300	14117799
10	124232750	124234749
2	11513450	11519599
9	27527050	27529899
1	62334280	62337179
12	2564580	2568849
5	81651730	81654449
2	55326550	55328549
6	169565400	169567399
1	23804600	23812099
18	9706200	9710449
7	30973130	30975249
7	50857150	50863399
19	39108050	39111379
3	114128200	114132429
3	112354130	112357999
22	19554700	19558529
13	113614500	113617649
16	24680800	24683829
9	124368500	124385999
2	20832200	20842929
9	85918450	85921199
10	88712330	88722199
1	10772880	10786099
22	46941130	46947799
15	90379130	90381179
17	62037000	62042829
20	546850	550629
14	91009300	91013229
18	13686280	13689049
9	123687300	123701149
3	52066350	52075999
16	67580800	67584599
9	139247580	139249749
4	41156400	41159799
3	129184930	129189699
4	186452830	186459649
17	79820600	79822599
14	105195830	105204779
17	8128700	8131129
2	160016350	160023949
14	104346380	104351249
2	29232730	29240749
2	26932350	26935399
13	49140880	49148529
5	177968600	177976329
5	81629380	81632299
11	68887680	68892299
15	68206200	68212499
9	119406180	119410179
3	45153450	45156749
2	36681700	36686329
3	49140100	49143649
2	122726600	122728629
1	214532900	214537079
5	136635700	136637779
22	38243750	38246779
19	10539800	10545299
19	18629100	18634699
7	44687380	44696229
10	73226980	73229099
2	11533280	11535399
22	46534100	46536749
12	75872950	75876599
22	24572450	24574579
22	18913050	18922579
4	169685400	169692599
15	74341380	74345499
10	100173400	100176299
5	146933130	146935279
7	44683550	44686379
19	1852750	1859949
18	43145600	43148699
1	203342380	203344529
9	131464700	131469279
6	56818050	56820129
7	73908350	73910879
1	116222380	116224379
1	95507150	95509899
12	48689780	48691849
6	29621000	29627249
1	25077650	25079829
16	4874130	4876399
15	102038000	102042399
20	10603200	10605249
10	33499550	33503099
1	41573430	41576479
16	29299600	29304949
11	68163530	68169599
4	153610100	153614829
13	52337280	52340029
5	6596800	6600049
11	94499880	94504049
11	2478500	2486549
3	152047230	152051649
14	35881380	35883499
1	52112850	52114849
6	33243600	33248429
12	11990450	11992529
16	3191730	3196149
12	52243200	52247799
7	134374250	134378149
15	64269780	64281599
15	90956850	90959149
5	126181550	126184249
3	69378100	69382249
17	115880	119099
1	229574400	229577199
18	56257650	56264099
10	53164500	53166849
19	49246330	49251199
1	154925950	154931229
3	46741050	46744679
20	60691250	60697399
20	48737000	48739099
8	13014400	13018229
19	3930650	3932849
3	172405850	172407929
12	116713380	116717199
12	89765700	89769549
1	1307630	1312749
16	9459100	9461899
13	59915200	59921379
9	116324450	116338849
15	101666080	101668799
1	110434100	110441749
3	16809380	16812549
5	671350	674049
20	31104800	31107299
6	43681350	43687779
9	134247500	134249599
19	2721400	2725129
17	72762230	72766179
9	95354600	95356729
11	2117200	2120499
17	80056450	80060499
13	24202680	24205449
1	19758130	19786929
17	45769930	45775129
1	12048000	12053699
10	134273880	134276999
4	185665950	185669499
1	95486180	95489199
7	73292880	73297099
2	30643100	30646799
18	20806630	20813079
5	66942930	66946029
2	102665400	102672679
10	725380	727529
3	50192430	50211079
2	28880550	28890529
7	95223880	95231629
2	69404130	69406199
17	62063150	62068299
21	44726400	44729499
19	47745900	47748099
4	84537650	84543129
11	19743780	19748449
7	139363500	139369479
19	7177350	7185149
5	151096950	151098949
10	31101600	31111549
10	5684380	5689599
1	8569030	8571849
14	90917300	90922299
19	14094700	14101649
1	223286780	223289249
1	1091200	1094149
19	49263500	49267299
3	184432950	184435649
8	25863550	25865579
11	74870080	74873249
1	12037930	12047429
12	7105730	7107729
11	61315300	61318799
6	3989900	3992099
6	31461050	31466129
11	67156500	67160899
1	43670600	43674649
12	93964430	93969879
17	79385350	79388249
1	148927800	148930399
15	92570700	92574749
9	114820730	114825399
8	99176550	99181199
11	64070830	64074629
13	113611400	113613449
8	142103630	142109599
3	49201400	49205299
19	18399780	18423299
17	80185000	80189079
5	141203600	141207649
3	38620450	38625249
5	141695980	141708449
5	68512880	68516199
12	109213200	109254929
6	168443330	168448349
9	133714000	133716129
7	158859780	158864529
20	62463200	62469999
14	34596500	34602049
9	130538250	130540529
14	103586900	103589979
8	103118750	103122629
19	11246500	11257549
17	37819630	37837829
6	170447880	170451729
16	70713580	70741149
11	12038480	12041549
3	27673050	27675899
17	76122080	76127979
4	124508650	124510749
11	86183830	86190249
19	42923050	42928179
10	17064950	17069749
4	169771180	169773199
2	27577800	27581299
8	57471880	57473979
7	63505180	63507199
15	67389900	67391899
5	149054880	149057479
3	11137650	11139899
6	1574800	1576829
9	140281300	140283699
11	450730	452949
8	145055750	145062349
22	18290350	18293579
1	19751800	19757629
10	18757530	18765449
10	105786850	105790749
13	51264950	51271229
18	60827150	60830479
3	49215600	49217599
15	64281780	64286349
1	176656350	176665149
1	42277230	42280499
22	41104280	41107879
3	99218480	99220529
15	101457850	101460099
3	122687430	122699229
7	4732900	4735629
16	27522180	27540829
6	140295180	140297829
4	83436400	83438429
16	25073800	25079679
19	15216650	15220329
11	122450600	122453279
9	124525300	124527329
10	104522100	104525099
8	29386780	29388829
20	36713680	36724879
8	28198280	28200299
8	146015880	146019829
22	20903130	20913579
22	46739900	46749349
2	187558150	187560249
3	142313680	142316179
11	114161600	114169679
6	43466600	43472079
5	147837100	147840049
2	220487900	220503449
17	79881300	79885699
7	129557650	129559679
13	111157000	111163849
4	2787230	2795149
15	101560730	101564299
13	31472650	31475799
1	68404300	68406299
5	192450	196749
19	39132800	39136779
7	854830	858799
11	65893580	65896199
2	208361650	208371329
19	47141050	47143379
3	46901750	46917629
8	142399980	142413679
8	74902130	74905999
17	53653800	53655799
2	36933180	36935279
2	220081700	220083849
6	56239150	56241299
20	60946280	60949379
12	123559250	123575149
3	42554300	42558979
7	151155400	151159279
2	28560680	28567379
20	19866100	19872549
9	132163150	132169049
9	133708430	133713699
12	66274550	66277749
7	41738030	41742429
1	211752550	211756379
4	152719080	152723149
9	139883230	139889449
10	121158300	121160779
5	10723900	10727479
5	58182680	58187099
11	46337730	46340829
22	41797550	41801179
5	154571280	154575849
9	97679700	97685999
21	39014950	39018949
10	30163550	30165699
7	95235600	95240379
17	76249100	76251199
22	19867400	19869449
19	48900500	48902499
21	33869380	33872579
16	30381630	30385179
2	175691200	175693929
4	152606330	152615049
11	121524900	121528329
11	67181830	67188699
1	230023300	230025349
17	62701830	62703879
11	68669900	68673799
3	48538100	48542099
3	187008000	187012429
9	136012880	136019049
1	39551200	39554149
2	21510630	21512649
6	36928000	36930529
1	86015630	86019999
12	91501150	91506449
10	31983600	31992679
19	788400	790899
17	976050	980499
9	691650	703899
9	33400630	33403099
1	157970150	157985299
19	37824430	37826979
3	14490780	14498149
3	61888680	61891599
10	14778350	14780549
9	35810700	35815449
19	36589750	36593029
12	696050	702949
2	238393950	238399729
3	194587150	194594479
9	139832150	139847999
22	20019100	20021679
2	220279700	220288849
22	19977930	19980799
5	142521680	142523879
17	2238380	2242929
10	72081250	72083479
1	1361650	1363849
9	134153400	134155549
2	96762500	96772099
17	4106600	4108679
20	11870100	11873499
16	30536350	30540449
2	232543050	232551049
13	52303650	52305699
14	105936030	105952849
2	32147700	32149879
20	48363250	48365449
11	34265250	34267479
19	2013430	2017449
10	75624330	75629379
3	171869530	171873649
9	137312300	137315449
1	32572400	32575499
5	54865600	54867779
2	218570700	218572749
16	84112530	84116099
10	4169350	4175299
13	30687600	30689629
17	70972800	70974849
12	56536200	56538479
10	121104150	121106299
4	77543950	77546779
6	151560030	151563649
7	50751630	50754599
2	7154350	7156679
18	59418880	59420879
22	29700700	29709399
12	123575300	123606029
20	17537400	17540699
4	146073330	146075849
9	139401150	139403299
15	60419130	60421329
12	123426850	123432849
2	30787950	30790049
16	574980	577699
17	27945730	27951749
16	19718450	19722599
11	133994250	133996649
1	236214300	236216999
19	18566550	18574029
2	71693380	71698379
17	1902600	1904829
16	3135030	3138249
18	47806350	47808629
1	224024180	224026249
11	130740680	130743829
15	68988800	68995349
11	1940500	1949349
10	93355900	93358729
17	43362500	43372799
22	20191650	20194949
6	12961600	12965579
1	168862000	168864029
2	26463700	26470749
5	64421600	64424279
6	53542200	53545699
1	16061050	16063329
6	151387900	151393299
7	25706030	25710179
19	6234900	6236929
3	169308850	169311299
20	39849700	39851699
7	73692930	73696049
20	52201150	52203849
22	25759850	25762399
5	151077730	151080499
2	230269950	230274779
2	237639150	237642729
1	205479000	205486399
1	90079300	90083349
6	2790100	2795629
16	2299730	2303279
9	137226000	137229749
6	42987230	42990699
3	52525050	52530899
9	119126280	119128379
14	76177200	76179399
9	139578950	139581679
1	226492350	226498679
9	137253530	137259649
14	100001550	100012299
17	1384900	1400779
7	44176550	44180699
17	41934150	41940799
6	136433930	136441329
20	1873280	1881199
12	7167130	7169999
10	73504780	73511799
3	177314380	177316399
2	241836580	241839499
1	204010500	204015049
1	937850	941599
11	64613800	64635029
2	10166800	10173499
18	55450400	55452649
1	9647400	9657229
20	62331800	62334899
2	37570400	37572599
10	103204750	103206999
18	3155030	3157149
14	33170880	33173099
4	186699930	186709749
20	30597300	30599829
6	11261450	11264999
2	42158700	42161799
22	23618250	23623849
12	52287750	52291899
5	172742430	172744449
22	28180780	28182799
20	48404800	48408749
13	81011250	81013249
5	156997500	156999629
10	698880	702479
9	2139330	2142299
6	27112480	27116399
10	17714830	17716899
5	156946700	156949929
11	6517630	6520149
14	105192780	105194929
8	81608700	81612149
5	56501430	56506299
14	102246000	102251429
16	84536800	84540049
9	119116930	119118949
19	3027000	3031149
16	85186100	85188249
17	38458980	38460999
1	7423230	7425549
3	15358150	15362929
3	123410600	123414179
8	118741700	118743749
5	101962430	101965599
15	60660300	60669699
1	214160280	214164029
2	46555200	46568079
1	27122950	27129149
17	48449130	48451499
19	8405250	8409529
22	20230000	20233279
20	25196680	25215129
6	152621200	152624449
1	95384330	95386799
11	122026730	122030999
4	186781430	186791099
11	72335630	72347899
12	45608280	45612229
9	139549230	139560549
3	125708580	125710599
20	19976480	19978649
12	117438580	117440779
3	171023580	171025649
6	43967850	43979399
1	2242330	2249699
6	28108700	28110749
2	54626950	54628999
8	144640180	144642199
4	7827380	7834779
1	10791850	10799179
20	62598150	62605699
17	76917250	76924629
3	58221830	58225429
2	23838500	23842579
9	140081500	140084979
16	2020650	2023879
19	3357000	3359979
11	65403430	65410199
3	87275130	87278149
1	153736100	153738499
22	50346600	50353799
2	25532550	25539999
2	97453450	97455679
7	73683280	73689999
15	89164200	89166449
11	61641550	61644149
17	37884730	37887429
20	48745800	48752349
5	172691050	172698049
12	57604630	57608729
11	68121430	68123549
3	15310700	15312799
15	101981700	101986999
8	37394280	37399779
19	56027750	56030129
9	139420150	139424229
7	134403180	134410099
3	30669430	30672849
16	30795330	30800349
8	81032800	81035649
2	101502980	101505679
11	35186230	35189579
20	4905680	4908379
20	568850	571899
17	9936450	9940679
9	140299050	140303099
12	26348100	26351849
13	41043080	41046629
2	101539480	101542949
16	85088550	85090679
11	76345980	76349379
12	13348000	13354999
18	7232780	7235749
3	184319500	184322649
6	14872400	14875999
11	4663080	4669349
8	121135930	121138849
9	71143650	71147599
6	3841400	3843399
22	47067030	47074249
6	43950230	43966449
6	36964180	36968029
9	140167930	140173429
12	122487500	122491779
12	52583730	52590249
16	66965730	66971329
10	24752230	24755699
17	79012250	79014249
1	2123680	2131879
13	30889700	30894899
11	72926850	72931279
3	38573580	38588729
8	124599600	124604979
17	75774650	75776729
21	45444300	45446899
15	40657600	40660899
19	1839550	1841599
9	137275280	137278299
1	29448600	29453049
12	27931400	27934829
9	139217600	139224349
20	30482500	30484599
6	86158280	86161829
18	19841450	19861149
9	116244630	116252429
1	1837630	1841149
3	15364100	15369299
20	3717880	3722829
7	2427700	2429879
7	76020330	76025699
17	79978800	79981299
19	17666050	17668899
2	33438450	33442829
9	34361980	34364379
5	154319300	154322049
2	242798300	242803129
12	3196600	3198599
17	41593650	41596199
11	75894600	75898249
4	54928400	54934199
8	144606900	144614079
11	61362250	61366499
21	45342180	45350899
19	18534130	18540199
5	72920350	72923599
7	134590430	134592599
20	48039780	48045029
8	142274200	142276429
10	30345380	30348149
1	109187900	109189979
17	40705030	40708349
17	79390750	79394929
14	105530000	105532449
22	34631130	34633149
2	210288300	210290499
14	64660730	64669299
20	62487700	62491949
19	47358650	47361229
12	13324800	13326879
17	12633100	12641899
1	65660250	65662999
8	102086650	102088779
17	43500750	43505049
7	130623550	130627449
10	73451050	73453779
17	79676980	79679049
8	37645300	37647499
10	4394350	4397929
6	26535750	26540379
1	151339980	151346099
14	68976600	68978699
1	8012900	8015849
2	219441100	219444249
22	17649150	17654949
20	52276080	52278449
10	129844950	129847429
12	6718400	6725249
17	3879480	3882279
3	49207300	49215029
11	96070200	96077249
1	16453500	16456829
9	139501630	139504199
3	49156450	49159799
7	45959050	45961079
8	81631250	81633399
1	114520880	114524579
22	18388800	18409149
7	140334550	140344199
15	41196280	41204779
3	57933300	57935849
12	2537700	2543999
1	19802850	19805249
10	121118650	121124479
20	60928080	60945749
15	45668850	45670949
17	17437830	17442129
17	41898530	41907179
6	31742700	31745649
7	6299250	6301929
16	49858550	49863349
9	139609530	139615599
4	152020180	152022349
1	10854430	10856949
11	3965000	3970199
16	58066350	58070349
3	185373900	185375949
14	23014730	23016879
17	48176600	48181949
20	31062980	31066349
19	14141200	14144229
22	27975850	27980149
7	151381280	151391579
9	38648150	38651479
9	130563450	130566979
1	230304800	230306979
10	11311280	11313299
11	57001650	57003999
9	89762080	89765099
7	150884380	150886499
7	100047250	100049499
9	117372150	117375429
10	46950730	46953199
1	35299280	35314379
22	38813930	38816179
22	27636680	27639449
16	4439030	4441049
22	31513550	31520899
22	38844330	38850849
8	145924350	145926999
6	108929500	108931499
1	100713980	100716899
16	83945450	83948099
19	49312350	49317799
11	1965980	1972229
12	95729250	95731249
4	89217900	89220199
17	2609200	2611349
6	129810680	129813829
19	45310400	45315649
6	112124430	112127429
7	151333730	151336349
6	4646700	4649179
9	135987050	135999829
4	156415650	156418399
6	108943000	108944999
7	90238700	90240829
4	124475900	124477999
16	86715130	86717729
7	157111400	157113999
10	104548200	104563829
13	42037030	42039099
1	9940880	9952149
1	183202430	183205599
12	3309400	3317799
17	76898000	76900049
8	19915330	19922099
5	82769000	82771779
22	46498450	46500499
9	107967380	107969479
16	2262050	2266549
1	205486480	205490299
17	79026450	79029499
8	61965350	61967899
12	123325100	123328999
5	71267480	71270329
16	84853480	84859029
3	183002180	183005249
10	4115550	4118149
9	136112330	136116149
17	49019700	49030699
14	69430600	69439079
5	167421200	167429229
11	72896230	72900149
5	138706750	138710079
17	43447630	43452549
10	49841980	49843979
17	76873480	76883249
5	66582750	66586879
2	9329930	9334999
12	1909200	1911229
8	135732050	135734279
6	42050000	42058699
7	47661100	47663899
2	20723200	20725249
19	2131180	2133899
8	119086000	119088079
9	139511680	139514649
12	12549800	12553779
14	24745580	24747579
14	85998450	86001799
17	921580	927029
2	47255550	47264879
9	137158080	137160649
4	169765100	169767149
1	61802280	61807029
16	46762780	46766279
15	41247600	41251249
18	33273880	33276899
1	165392880	165396499
11	116063680	116065799
6	30714550	30722099
12	51145030	51147279
19	12604580	12607779
1	218652350	218654429
9	131126030	131129199
6	12291000	12293599
8	145041550	145051029
16	46776200	46786679
1	59986250	59988299
3	93691200	93693999
14	100056250	100060329
11	12432180	12434549
1	165412150	165415149
8	42387050	42390929
6	137057430	137062029
8	142414250	142435449
19	2718250	2720349
17	48171180	48176399
1	9960150	9973749
2	238319130	238323499
17	74272500	74275549
15	68346550	68348779
8	39846700	39851729
12	50096950	50100929
9	134161100	134177199
9	124527350	124531879
14	105153800	105158049
19	726380	728499
19	50311200	50314199
4	25103830	25105879
9	124893500	124895549
16	56880330	56882349
16	118550	130449
4	141012850	141020879
16	12253050	12256779
5	36689100	36693599
1	145609600	145612399
17	59390150	59392729
6	36833600	36839979
11	72428900	72435899
22	28062500	28071779
3	73568900	73571349
16	73176380	73178899
6	33552330	33560199
5	40913950	40916279
6	130339150	130343049
11	803650	807549
19	45925350	45928979
6	33712580	33716449
20	23602630	23605099
9	115109780	115112349
8	11444100	11447879
1	44410650	44415499
2	238380450	238385449
3	29749230	29754099
12	109594580	109601529
16	67557730	67568399
19	17412600	17418449
11	86449380	86455349
13	113630930	113640249
16	70709880	70711899
7	48124050	48131299
7	4918480	4920479
3	64652880	64655449
9	71990400	71992399
22	46420780	46427699
1	85905700	85907729
1	57011350	57017429
13	24840180	24842779
1	205471350	205477149
10	50287730	50291229
9	123678450	123685599
12	11871430	11873449
16	31152330	31155749
7	64001150	64003149
7	30944450	30966699
17	43203380	43211299
7	134476600	134478649
3	192369880	192376149
6	134208730	134213179
8	23223280	23225349
17	75345550	75348499
3	183732100	183737229
14	55581250	55593729
13	33577350	33579799
11	44036680	44040749
17	41907450	41912249
9	139685050	139687199
10	18599300	18603599
1	145091450	145093499
15	77795950	77807749
1	201276700	201279129
5	133844100	133848449
2	170679980	170682099
19	38699800	38701929
16	70510500	70514899
3	99362600	99369229
14	103992800	103997049
9	129087400	129091479
8	145542450	145545779
6	31152500	31156799
5	133882480	133892179
3	9884280	9887099
12	3792680	3796099
18	56428500	56432099
2	100720930	100723029
18	53804730	53807649
1	61455000	61457599
14	90999480	91003399
19	50091980	50096699
3	185927150	185929229
3	171771450	171775799
6	136256980	136259099
1	37936150	37946979
17	49208700	49211979
12	3813200	3815949
3	127871100	127876849
22	35705830	35713699
22	46969980	46989329
17	73476100	73478279
5	175000300	175002449
1	230993350	230996099
10	115437500	115441529
15	30160380	30165349
9	123833630	123838699
2	109277000	109279479
19	34309400	34311579
7	28141180	28149149
4	1242630	1244849
22	47006430	47009979
17	17653730	17659899
14	91039400	91042449
10	73230130	73237199
11	104033350	104036349
12	90103100	90105279
15	74230930	74232929
7	33852700	33855399
6	13354230	13356329
6	27144430	27146979
8	17510430	17512729
20	20064100	20071899
2	202121780	202124479
10	104572700	104578629
10	94043350	94045379
10	124257230	124259549
2	219268450	219272979
15	101726250	101734329
17	21145900	21147949
20	30285700	30290949
14	25434330	25437249
17	73503400	73511679
8	145725930	145730229
3	50323480	50326949
12	117513980	117516099
11	117087250	117093349
7	116588580	116591829
5	149198800	149208899
1	10801680	10807529
3	8593030	8599899
1	12031700	12033899
1	16337830	16349649
16	67700130	67702549
22	27694380	27696399
21	33734230	33737679
16	49821850	49824329
1	27699250	27701399
17	45907450	45909549
3	48645280	48647579
18	46350400	46358499
10	95705800	95708279
4	148762580	148766199
12	7065200	7074549
22	47022480	47025799
20	48753650	48757629
8	145652030	145657279
16	4261180	4272799
7	29903900	29907499
22	43090250	43101679
3	69418530	69421449
10	129807430	129809479
1	10812480	10817979
8	23404100	23406149
3	124529650	124533399
9	14011600	14016399
7	56043650	56046849
1	100233150	100235199
2	238575350	238577749
17	41923180	41927749
8	128864600	128868229
17	74399230	74406899
16	81475680	81482179
2	70334600	70336699
14	76775850	76778899
16	427600	430899
7	45195050	45197099
3	196667800	196671699
16	75138800	75148199
6	121842500	121845729
20	48779330	48786199
2	159968980	159974199
11	124765550	124772199
2	44000530	44002779
2	161526950	161529279
5	39420680	39425729
10	121116300	121118629
8	121796000	121799829
1	53490230	53492249
20	43241480	43246199
4	14842450	14844479
15	40613850	40616049
11	2910230	2912229
16	58512780	58514799
21	46398750	46402249
19	45212650	45214649
16	58504600	58510079
22	36005130	36020099
11	67270450	67277679
10	91172850	91176549
19	22397030	22399079
16	30786500	30790829
17	76870650	76873329
11	121611230	121614349
2	232525300	232540979
7	2154080	2157499
3	49839150	49847149
4	88928730	88930749
19	47548900	47552299
2	88957380	88960479
13	43564880	43568299
20	25000950	25007379
3	37055800	37061629
8	126524280	126526879
7	36074400	36078799
9	72870450	72876579
10	23689430	23696499
13	24190550	24192599
13	49887380	49889449
4	166247200	166250149
9	33389350	33394899
22	47077450	47086599
2	128400730	128402849
4	186756200	186765249
10	50231500	50233899
13	21286250	21288399
7	44101430	44106729
22	45711450	45716699
1	8192430	8197049
11	130760230	130769079
12	116756550	116759899
21	44894180	44902029
1	46267830	46271029
11	12217300	12224199
3	15350550	15352549
7	44170600	44172749
1	225950430	225953349
12	123537850	123559199
3	46712550	46714549
19	7404900	7406899
21	44594900	44599899
3	112885150	112887249
17	56010200	56020199
8	11799380	11801449
20	22743080	22745129
11	82756950	82759399
14	100198700	100206749
22	20103200	20105499
3	183902130	183905599
17	48619730	48621949
14	23902280	23915729
17	37813600	37819229
9	107668080	107672929
4	100123150	100125479
6	163752550	163762479
4	106628350	106631429
11	63684250	63691129
1	39668980	39672849
20	36886500	36889449
1	21475150	21477299
11	72938550	72941449
20	31057850	31062629
8	121233050	121236499
6	2845930	2848029
2	85474730	85479199
21	33863550	33866299
3	194314150	194316379
1	16465230	16485579
20	2110350	2115699
22	34174980	34180079
11	63705000	63708099
8	19533450	19536879
10	134210300	134215799
11	12704280	12707249
6	132127250	132129929
14	105142300	105150199
19	11544680	11547879
17	48281500	48284299
10	31938150	31940199
4	152957080	152963349
1	10831180	10833449
18	47017100	47019279
1	95388530	95396299
17	76251780	76254979
16	22705100	22707099
6	11427280	11431129
4	698200	702999
14	24613880	24617999
19	58788250	58791979
10	3866600	3873029
4	17512050	17515299
2	161335100	161337129
9	72740400	72742449
15	60654580	60656599
16	15683850	15685879
17	4888830	4894049
6	33544230	33549349
21	17959050	17961729
10	50277830	50280299
12	121972950	121977499
22	41863350	41867199
17	79933380	79936049
3	43402550	43410399
11	59304080	59306179
7	30506700	30521899
2	232052480	232057999
4	679900	684749
2	38332550	38335299
9	139641350	139644029
10	10837450	10842499
20	62683150	62687899
20	33102250	33105699
9	139540950	139543999
20	61422600	61429579
9	139237080	139243849
13	110745630	110750649
7	1067400	1071599
6	14117500	14120079
20	30696380	30699129
12	56210030	56213579
17	75415350	75437929
9	21993950	21996999
21	45330530	45335199
11	1985800	1990299
9	711630	716629
19	50190100	50192799
20	62127280	62136049
18	39869580	39871699
11	67372880	67376099
7	157144300	157146329
20	50176580	50181229
8	135850700	135854679
15	91099500	91106499
20	553430	555779
7	101582500	101605279
22	47052350	47058799
3	192352880	192357879
20	3798150	3802979
20	50141300	50143579
4	86579250	86581249
22	34207150	34209199
1	230343350	230347729
2	47281480	47286879
7	89873400	89876049
11	119184500	119193429
15	50010080	50012229
12	48154830	48160049
19	14485350	14488249
6	44016680	44022429
5	180470430	180473549
5	77835680	77837699
8	134510400	134518599
3	197146480	197150049
1	20985900	20990479
17	4868900	4879399
4	120546050	120550579
7	107639600	107645049
1	228333250	228335279
17	43299000	43307899
19	39934750	39937949
12	50055050	50071579
14	100606300	100609449
16	68277400	68283829
15	99987500	99997579
2	132247880	132249929
17	62316600	62319199
9	97562200	97564699
6	31829100	31832549
16	19126650	19132299
10	62331500	62333629
12	31810630	31813549
10	126765030	126775379
1	13865280	13871299
15	78266030	78268499
20	62484080	62487299
15	71059230	71062099
2	38318030	38321599
14	35449630	35453499
20	62890630	62895299
3	51995350	52003949
11	14562000	14564179
17	80170500	80172549
15	77829330	77840829
7	825680	827879
1	174767400	174770379
3	49129400	49133149
2	33516680	33519079
1	10734280	10740479
6	56391150	56394149
19	34854350	34858199
1	203348500	203351249
12	7050980	7056099
19	4368780	4377299
20	62477200	62480249
10	61652650	61655379
3	123974330	123980379
3	128804150	128807179
5	159590900	159594729
8	97802950	97804999
18	32072330	32075829
5	175966880	175972279
16	57821030	57827849
1	168577550	168579829
15	95835150	95837149
7	158679030	158681049
13	52392500	52395149
5	172170330	172181049
12	122149000	122153979
4	2264730	2269349
20	56228900	56231849
1	45138330	45141879
14	90986300	90989379
17	17573650	17577129
11	95960330	95962929
19	1204180	1210999
17	72872300	72875879
19	55986350	55992199
15	36867750	36870399
12	66580200	66586079
17	17647380	17649579
6	43137430	43143849
11	72945430	72954579
17	66462180	66468679
6	152011080	152013599
13	99621730	99623879
5	269850	272399
16	68263750	68268249
1	1149280	1152279
14	91273250	91276549
22	34180800	34184049
19	49130080	49132179
3	37069450	37074449
3	52015700	52019599
1	21009680	21013999
10	18700700	18705129
14	70091200	70094449
20	62257800	62260899
15	74606200	74608699
20	17875180	17877829
15	41849380	41851899
14	93191850	93194049
19	39125630	39130229
22	38328150	38331429
16	30903680	30909349
13	33630580	33633279
11	65077050	65079229
10	123891600	123896429
8	101505600	101508399
3	49167180	49174629
12	123346900	123352349
12	57652080	57656079
22	39853250	39873449
18	20838480	20841329
1	68212230	68217029
11	12917100	12923429
8	144614350	144616449
3	194303850	194306349
14	53196100	53198649
2	178215100	178217199
5	139559130	139561949
5	133902550	133913399
9	129889850	129901079
7	150079080	150082479
8	61090780	61095529
19	4380150	4382349
19	58985900	58989149
8	38756580	38768499
3	184532400	184534899
7	97736250	97738279
5	149917130	149923199
5	139386650	139392579
2	162929150	162931229
5	150529700	150531979
9	13840350	13842529
8	142119600	142133679
12	1325100	1328649
2	113383730	113386399
3	193719400	193723349
6	136259550	136261779
17	33568050	33572649
10	112437780	112450379
19	555950	557999
7	92345280	92349429
17	77750250	77752249
3	188814880	188819149
2	97535400	97542429
2	109236050	109238149
13	113623380	113625479
4	185302650	185313499
22	37940230	37945899
3	46503580	46506349
12	54068250	54072479
5	79499480	79501729
1	227166130	227169929
12	76421480	76425399
8	8922650	8924899
7	128498250	128501749
17	79789250	79793849
14	76288900	76293379
1	112521530	112523599
11	65637800	65641799
17	76975600	76977629
8	128746080	128752599
16	18942180	18946049
5	121647450	121649529
6	154916980	154919799
1	26480880	26493149
1	40096930	40107599
3	126463480	126469279
20	3183500	3185779
14	105554750	105560449
3	47553250	47555429
5	65890530	65892729
22	24819650	24822699
7	80145500	80147729
11	69061700	69069049
11	125293000	125297149
11	63639200	63644179
11	96491330	96495699
14	25428280	25430479
16	19145200	19149429
11	69865300	69867429
22	46682730	46689999
13	20699050	20702549
11	34336180	34341579
4	81104650	81107449
1	184119080	184123299
18	42260150	42263649
5	142180550	142188049
2	238068100	238071499
1	68581680	68583899
1	59570100	59572329
4	38663350	38677349
16	75321430	75323429
12	133077630	133079649
15	93615750	93617799
17	79169150	79171349
11	67397380	67400999
3	49162080	49164699
11	111597230	111610399
1	9934430	9936579
12	46941480	46943849
10	104531680	104547499
5	54886300	54890379
20	10583930	10586099
15	60682100	60690599
19	48982800	48985499
19	10872150	10883079
11	47196880	47211899
17	20931050	20933079
4	124425430	124428279
6	42070400	42072899
15	37081730	37089899
11	817800	821749
11	8106800	8108899
7	56030430	56037579
2	238594650	238618029
6	170444680	170447449
9	21095200	21097349
8	128938200	128941549
9	137243930	137246899
11	47289380	47293829
21	37559500	37561529
12	12030780	12032829
3	120156680	120160929
19	57682930	57684949
19	16934930	16936999
14	100034550	100042349
22	18332980	18337849
8	121820400	121825749
11	47434750	47438899
17	25783430	25786599
2	8631250	8633279
3	32617800	32620929
1	218547000	218549449
10	77187200	77192049
16	4355100	4358329
11	75454530	75457829
11	1883600	1887029
1	60154730	60157629
10	97067900	97069929
19	4638100	4640149
10	90145700	90147929
20	62316280	62320379
4	146798630	146800779
2	25077630	25080579
10	48571550	48574749
1	31536250	31538879
19	14217250	14219899
10	14644500	14648049
6	133383450	133387529
1	175286380	175288399
7	2665930	2668029
22	20115300	20119029
3	197118750	197123049
11	46381550	46388679
1	206885630	206891349
2	237168450	237173579
4	148282630	148284679
5	54827750	54832679
1	182556350	182559799
9	86085700	86090679
2	28841880	28868549
7	142981380	142987279
17	16943400	16952699
17	75393930	75398049
6	11769750	11771829
11	114107300	114115999
9	95430680	95434079
10	18725480	18732029
2	42192000	42196599
12	46801450	46805299
12	110155830	110161229
1	56970100	56976599
17	55920030	55924249
11	34276900	34280099
1	8179950	8182729
7	93924780	93927599
14	105159750	105162599
10	75407750	75417129
10	120100350	120102399
17	57904480	57909599
13	110911480	110919829
1	3660900	3663879
6	27838500	27841899
4	186717530	186719749
14	55566930	55576829
9	99316480	99320229
17	74439750	74449399
9	124393580	124397099
12	125183150	125187079
13	27034330	27036379
8	25895730	25903479
11	64682930	64687299
16	685600	694399
3	71591250	71593449
3	16304800	16310129
1	19280300	19282649
22	24576000	24579399
20	32374650	32378349
3	47016580	47030849
9	139867530	139871599
13	40794430	40797179
9	130289280	130292549
1	95444550	95446699
22	47011150	47018929
2	173830250	173834579
12	53885300	53889329
8	142046530	142051199
6	39788080	39790549
5	79286750	79288749
20	3744750	3749799
17	69970730	69972849
14	89817600	89819699
15	101737480	101743149
8	144300230	144303399
3	52442050	52446799
1	224544200	224546429
17	62306930	62310049
1	117460780	117463199
5	43104580	43106749
20	24976580	24982379
12	53494300	53500099
12	1775230	1780529
8	61086400	61088499
6	34358350	34362149
10	44400300	44403199
1	153915700	153922549
12	1901350	1906649
12	54750850	54755479
11	59316750	59319849
14	103603150	103605379
11	76388500	76390729
15	84432550	84434599
2	17993530	17995749
