1	937850	941599
1	1149280	1152279
1	1279200	1283179
1	1307630	1312749
1	1361650	1363849
1	2123680	2131879
1	2513830	2518479
1	3371530	3374849
1	3660900	3663879
1	9647400	9657229
1	9960150	9973749
1	10854430	10856949
1	12037930	12047429
1	12078850	12081379
1	16061050	16063329
1	16064180	16066199
1	16337830	16349649
1	20985900	20990479
1	23804600	23812099
1	26480880	26493149
1	27699250	27701399
1	29448600	29453049
1	32033050	32056249
1	44410650	44415499
1	45138330	45141879
1	100713980	100716899
1	148927800	148930399
1	150227300	150233699
1	151339980	151346099
1	151803080	151806949
1	153915700	153922549
1	154925950	154931229
1	204010500	204015049
1	205471350	205477149
1	214448850	214457949
1	224544200	224546429
1	226492350	226498679
1	228333250	228335279
10	694600	697729
10	698880	702479
10	14115300	14117799
10	75407750	75417129
10	77187200	77192049
10	88712330	88722199
10	100173400	100176299
10	134210300	134215799
10	135185580	135188849
11	450730	452949
11	803650	807549
11	817800	821749
11	842750	847999
11	1859750	1865449
11	1883600	1887029
11	1940500	1949349
11	1965980	1972229
11	2007080	2010879
11	2478500	2486549
11	2910230	2912229
11	4663080	4669349
11	6517630	6520149
11	8106800	8108899
11	44779900	44789979
11	45682650	45685499
11	46359280	46364779
11	46381550	46388679
11	47196880	47211899
11	47289380	47293829
11	57001650	57003999
11	61343900	61345999
11	61641550	61644149
11	63684250	63691129
11	63705000	63708099
11	64006730	64011049
11	64070830	64074629
11	64083730	64089799
11	64120350	64128099
11	64510600	64517099
11	64566650	64572699
11	64657150	64663099
11	64682930	64687299
11	64755730	64758599
11	64862300	64865579
11	65077050	65079229
11	65403430	65410199
11	65637800	65641799
11	67156500	67160899
11	67181830	67188699
11	67270450	67277679
11	67372880	67376099
11	67394880	67397079
11	67397380	67400999
11	68669900	68673799
11	69061700	69069049
11	69301500	69305099
11	72428900	72435899
11	72926850	72931279
11	74870080	74873249
11	119184500	119193429
11	124765550	124772199
11	130732700	130739179
11	130740680	130743829
12	6739500	6743499
12	7050980	7056099
12	7065200	7074549
12	27931400	27934829
12	48154830	48160049
12	52583730	52590249
12	53494300	53500099
12	57604630	57608729
12	58001480	58008899
12	58119150	58121199
12	90103100	90105279
12	117534350	117536479
12	122149000	122153979
12	123559250	123575149
12	123575300	123606029
13	111157000	111163849
13	113623380	113625479
14	23902280	23915729
14	24613880	24617999
14	25514800	25521199
14	53196100	53198649
14	67979550	67982249
14	90917300	90922299
14	103586900	103589979
14	103992800	103997049
14	105142300	105150199
14	105153800	105158049
14	105187480	105192299
14	105192780	105194929
14	105195830	105204779
14	105530000	105532449
14	105554750	105560449
14	105884430	105890499
14	105936030	105952849
15	36867750	36870399
15	40613850	40616049
15	40730530	40733399
15	41247600	41251249
15	41849380	41851899
15	62457530	62459779
15	71476280	71481579
15	74606200	74608699
16	118550	130449
16	427600	430899
16	574980	577699
16	685600	694399
16	1469350	1472449
16	1828450	1830549
16	1875050	1878249
16	2020650	2023879
16	2262050	2266549
16	2299730	2303279
16	3191730	3196149
16	19726930	19731429
16	30381630	30385179
16	30536350	30540449
16	30549450	30552249
16	30795330	30800349
16	30903680	30909349
16	31122030	31126299
16	46776200	46786679
16	56994150	56997349
16	58528100	58531499
16	66638980	66641179
16	66965730	66971329
16	67557730	67568399
16	67700130	67702549
16	68263750	68268249
16	68277400	68283829
16	81475680	81482179
16	83930830	83940479
16	84175700	84179199
16	84536800	84540049
17	921580	927029
17	976050	980499
17	1384900	1400779
17	2238380	2242929
17	2609200	2611349
17	4456380	4460729
17	4868900	4879399
17	4888830	4894049
17	8128700	8131129
17	19279500	19282399
17	27945730	27951749
17	37819630	37837829
17	37884730	37887429
17	40705030	40708349
17	41907450	41912249
17	41923180	41927749
17	42247200	42250329
17	42277350	42279399
17	43203380	43211299
17	43299000	43307899
17	43500750	43505049
17	45769930	45775129
17	48171180	48176399
17	48449130	48451499
17	48619730	48621949
17	62074250	62078049
17	72872300	72875879
17	73503400	73511679
17	73585450	73588399
17	74439750	74449399
17	75393930	75398049
17	76122080	76127979
17	76138880	76142799
17	76898000	76900049
17	76917250	76924629
17	76975600	76977629
17	77750250	77752249
17	79012250	79014249
17	79280000	79288399
17	79676980	79679049
17	79789250	79793849
17	79820600	79822599
17	79881300	79885699
17	79933380	79936049
17	79978800	79981299
17	80056450	80060499
17	80170500	80172549
17	80185000	80189079
18	7232780	7235749
18	32072330	32075829
18	59418880	59420879
19	457930	462449
19	1204180	1210999
19	2013430	2017449
19	2718250	2720349
19	2721400	2725129
19	3027000	3031149
19	3357000	3359979
19	3930650	3932849
19	4517900	4520749
19	4638100	4640149
19	8405250	8409529
19	8430330	8434329
19	10539800	10545299
19	11544680	11547879
19	14141200	14144229
19	14217250	14219899
19	15216650	15220329
19	15232930	15237899
19	17412600	17418449
19	17666050	17668899
19	34854350	34858199
19	37824430	37826979
19	39108050	39111379
19	39132800	39136779
19	42923050	42928179
19	45310400	45315649
19	45925350	45928979
19	47548900	47552299
19	49130080	49132179
19	49246330	49251199
19	49312350	49317799
19	49841400	49845099
19	50091980	50096699
19	50190100	50192799
19	50311200	50314199
19	55986350	55992199
19	56159080	56163729
19	58788250	58791979
19	58985900	58989149
2	26463700	26470749
2	27577800	27581299
2	71693380	71698379
2	86420630	86422849
2	97535400	97542429
2	128400730	128402849
2	132247880	132249929
2	162929150	162931229
2	219268450	219272979
2	220081700	220083849
2	220279700	220288849
2	220487900	220503449
2	237168450	237173579
2	238393950	238399729
2	241836580	241839499
2	242798300	242803129
20	3183500	3185779
20	3744750	3749799
20	3798150	3802979
20	30597300	30599829
20	44043350	44050849
20	60691250	60697399
20	60980500	60982679
20	61422600	61429579
20	62127280	62136049
20	62257800	62260899
20	62487700	62491949
20	62598150	62605699
20	62683150	62687899
21	44894180	44902029
21	45342180	45350899
22	18889580	18893529
22	19507780	19514699
22	19554700	19558529
22	20007100	20014429
22	20019100	20021679
22	20103200	20105499
22	20115300	20119029
22	20191650	20194949
22	20307150	20310579
22	24572450	24574579
22	24576000	24579399
22	24813880	24818099
22	24819650	24822699
22	25759850	25762399
22	29277680	29279749
22	29700700	29709399
22	31513550	31520899
22	36005130	36020099
22	38844330	38850849
22	41863350	41867199
22	42980000	42982049
22	47022480	47025799
22	50346600	50353799
22	50746300	50752549
22	51014300	51022929
3	9884280	9887099
3	16304800	16310129
3	46503580	46506349
3	46730700	46739949
3	46741050	46744679
3	46901750	46917629
3	47016580	47030849
3	47553250	47555429
3	48538100	48542099
3	48645280	48647579
3	48933350	48937749
3	49129400	49133149
3	49140100	49143649
3	49156450	49159799
3	49167180	49174629
3	49201400	49205299
3	49207300	49215029
3	49839150	49847149
3	50323480	50326949
3	50327080	50332249
3	50332550	50342399
3	51995350	52003949
3	52015700	52019599
3	52442050	52446799
3	52525050	52530899
3	58221830	58225429
3	122687430	122699229
3	123410600	123414179
3	127871100	127876849
3	142313680	142316179
3	183732100	183737229
3	183902130	183905599
3	184532400	184534899
3	194303850	194306349
3	196667800	196671699
4	679900	684749
4	698200	702999
4	1242630	1244849
4	2264730	2269349
4	2787230	2795149
4	17512050	17515299
4	106628350	106631429
4	153603800	153605849
4	185302650	185313499
5	192450	196749
5	269850	272399
5	65890530	65892729
5	68512880	68516199
5	133770180	133776179
5	133844100	133848449
5	138730080	138733299
5	170213550	170217499
5	175105900	175116349
5	175966880	175972279
5	180470430	180473549
6	14117500	14120079
6	29621000	29627249
6	31742700	31745649
6	31829100	31832549
6	33243600	33248429
6	33544230	33549349
6	33552330	33560199
6	33712580	33716449
6	34358350	34362149
6	36833600	36839979
6	42987230	42990699
6	43137430	43143849
6	43273300	43276279
6	43478000	43481749
6	43967850	43979399
6	132127250	132129929
6	140295180	140297829
7	854830	858799
7	1087930	1097449
7	2665930	2668029
7	30944450	30966699
7	44101430	44106729
7	44176550	44180699
7	45195050	45197099
7	56030430	56037579
7	73701450	73706329
7	75615600	75625479
7	76020330	76025699
7	95223880	95231629
7	97736250	97738279
7	116588580	116591829
7	128498250	128501749
7	142981380	142987279
7	150079080	150082479
7	150884380	150886499
8	1770700	1774149
8	9011450	9014329
8	19533450	19536879
8	22453030	22464799
8	28198280	28200299
8	41511200	41530879
8	107780580	107784049
8	125461880	125464499
8	135850700	135854679
8	144289550	144292349
8	144294750	144296949
8	144640180	144642199
8	144659150	144662599
8	145041550	145051029
8	145055750	145062349
8	145115030	145119379
8	145542450	145545779
8	145546230	145550849
8	145652030	145657279
8	145725930	145730229
8	145732030	145734849
8	146015880	146019829
9	33400630	33403099
9	35810700	35815449
9	95430680	95434079
9	116324450	116338849
9	129087400	129091479
9	130538250	130540529
9	130563450	130566979
9	131464700	131469279
9	133319850	133323549
9	134153400	134155549
9	134161100	134177199
9	135987050	135999829
9	137292200	137306529
9	139217600	139224349
9	139247580	139249749
9	139440700	139445029
9	139549230	139560549
9	139578950	139581679
9	139582850	139586629
9	139641350	139644029
9	139685050	139687199
9	139832150	139847999
9	139867530	139871599
9	139873150	139879049
9	139883230	139889449
9	140081500	140084979
9	140114550	140116549
9	140116700	140119679
9	140144030	140149999
9	140167930	140173429
