1	19280300	19282649
1	31536250	31538879
1	32572400	32575499
1	37936150	37946979
1	39551200	39554149
1	40096930	40107599
1	46267830	46271029
1	85928750	85932249
1	87594550	87599599
1	95388530	95396299
1	100233150	100235199
1	114520880	114524579
1	145091450	145093499
1	145609600	145612399
1	146555500	146557499
1	147717500	147719579
1	165392880	165396499
1	165412150	165415149
1	165795450	165799879
1	168695080	168697729
1	174767400	174770379
1	182556350	182559799
1	211752550	211756379
1	214160280	214164029
1	218517250	218523249
1	230993350	230996099
1	230998100	231006049
1	236045530	236047629
10	10837450	10842499
10	14644500	14648049
10	24752230	24755699
10	30021930	30027449
10	30345380	30348149
10	44400300	44403199
10	62331500	62333629
10	91172850	91176549
10	95750980	95752979
10	104531680	104547499
10	106111880	106114349
10	115437500	115441529
10	120100350	120102399
10	129844950	129847429
11	27013400	27018629
11	34376480	34378599
11	89223200	89225999
11	93860300	93871049
11	94499880	94504049
11	96070200	96077249
11	104033350	104036349
11	114161600	114169679
11	118757180	118762149
11	123063850	123067399
12	7167130	7169999
12	13348000	13354999
12	26348100	26351849
12	31810630	31813549
12	45608280	45612229
12	50096950	50100929
12	54068250	54072479
12	56210030	56213579
12	66274550	66277749
12	66580200	66586079
12	75872950	75876599
12	76421480	76425399
12	91501150	91506449
12	93964430	93969879
12	108730630	108733129
12	109213200	109254929
12	109535600	109537749
12	116713380	116717199
13	24840180	24842779
13	40794430	40797179
13	43564880	43568299
14	27065800	27068999
14	35449630	35453499
14	61190150	61192249
14	85994900	85997029
14	85998450	86001799
15	26093750	26097029
15	45668850	45670949
15	60682100	60690599
15	68346550	68348779
15	71059230	71062099
15	89164200	89166449
15	92393230	92401849
15	93615750	93617799
15	101457850	101460099
16	19126650	19132299
16	24680800	24683829
16	49858550	49863349
16	55508150	55511249
16	55511550	55515729
16	73075550	73094829
16	73176380	73178899
16	84853480	84859029
16	86607800	86609849
17	9936450	9940679
17	16188130	16191949
17	16943400	16952699
17	33568050	33572649
17	45907450	45909549
17	48281500	48284299
17	62306930	62310049
17	62403900	62407599
17	62656680	62659999
18	9706200	9710449
18	42260150	42263649
18	46447830	46485279
18	47017100	47019279
18	47806350	47808629
18	53804730	53807649
18	65183480	65186129
18	67066750	67069899
18	74839080	74844599
19	16934930	16936999
19	18629100	18634699
19	39934750	39937949
19	41813200	41817729
19	47141050	47143379
19	48900500	48902499
2	11533280	11535399
2	17993530	17995749
2	19562050	19564099
2	37570400	37572599
2	38299030	38302099
2	42158700	42161799
2	44000530	44002779
2	100720930	100723029
2	106011650	106017129
2	109236050	109238149
2	170679980	170682099
2	175497100	175500379
2	187558150	187560249
2	202121780	202124479
2	210288300	210290499
2	210442980	210444999
2	219695200	219697229
2	223914350	223923129
2	238319130	238323499
20	1873280	1881199
20	10632530	10637199
20	11870100	11873499
20	17537400	17540699
20	19866100	19872549
20	30696380	30699129
20	33102250	33105699
20	36886500	36889449
20	50176580	50181229
20	52195200	52200749
20	52201150	52203849
21	17959050	17961729
21	18982300	18985429
21	30515880	30519229
21	36256180	36261749
22	38243750	38246779
3	14442430	14448579
3	64205650	64212849
3	71591250	71593449
3	73568900	73571349
3	87275130	87278149
3	93691200	93693999
3	99355480	99361399
3	105087030	105089199
3	112354130	112357999
3	112358550	112361749
3	112885150	112887249
3	184432950	184435649
3	187008000	187012429
3	193719400	193723349
4	38663350	38677349
4	38858700	38860799
4	54928400	54934199
4	54968530	54970579
4	81104650	81107449
4	86645650	86648899
4	88928730	88930749
4	114898700	114901699
4	120546050	120550579
4	148401030	148405129
4	152020180	152022349
4	166247200	166250149
4	186452830	186459649
5	39420680	39425729
5	43063630	43068879
5	52774380	52779599
5	54827750	54832679
5	72920350	72923599
5	76010400	76015449
5	79286750	79288749
5	82769000	82771779
5	121647450	121649529
5	141695980	141708449
5	154319300	154322049
5	156997500	156999629
5	172442450	172446299
6	2845930	2848029
6	12291000	12293599
6	25279050	25281649
6	26271350	26275549
6	26535750	26540379
6	27112480	27116399
6	27803550	27808499
6	27838500	27841899
6	27861130	27864299
6	28108700	28110749
6	31461050	31466129
6	35629730	35631829
6	41470400	41475199
6	56818050	56820129
6	75911500	75917579
6	86158280	86161829
6	116690650	116693799
6	130339150	130343049
6	132450580	132455679
6	134208730	134213179
6	151560030	151563649
6	152011080	152013599
7	4918480	4920479
7	30506700	30521899
7	41738030	41742429
7	45959050	45961079
7	47661100	47663899
7	48124050	48131299
7	50857150	50863399
7	63505180	63507199
7	79080450	79085449
7	89873400	89876049
7	107639600	107645049
7	137675900	137688499
8	25895730	25903479
8	38641650	38646629
8	38756580	38768499
8	57471880	57473979
8	70403850	70407399
8	74902130	74905999
8	116677100	116682699
8	121135930	121138849
8	121820400	121825749
8	128746080	128752599
9	21993950	21996999
9	27527050	27529899
9	72870450	72876579
9	89762080	89765099
9	95362630	95364749
9	112541880	112545699
9	113341100	113343129
9	115109780	115112349
9	117372150	117375429
9	123687300	123701149
9	133708430	133713699
9	133714000	133716129
